16 16
0   0   0   0   0   0   0   0   0   0   0   0   0   0   0   0
0   100 100 100 100 100 100 100 100 100 100 100 100 100 100 100
0   0   0   0   0   0   0   0   0   0   0   0   0   0   0   0
100 100 100 100 100 100 100 100 100 100 100 100 100 100 100 0
0   0   0   0   0   0   0   0   0   0   0   0   0   0   0   0
0   100 100 100 100 100 100 100 100 100 100 100 100 100 100 100
0   0   0   0   0   0   0   0   0   0   0   0   0   0   0   0
100 100 100 100 100 100 100 100 100 100 100 100 100 100 100 0
0   0   0   0   0   0   0   0   0   0   0   0   0   0   0   0
0   100 100 100 100 100 100 100 100 100 100 100 100 100 100 100
0   0   0   0   0   0   0   0   0   0   0   0   0   0   0   0
100 100 100 100 100 100 100 100 100 100 100 100 100 100 100 0
0   0   0   0   0   0   0   0   0   0   0   0   0   0   0   0
0   100 100 100 100 100 100 100 100 100 100 100 100 100 100 100
0   0   0   0   0   0   0   0   0   0   0   0   0   0   0   0
100 100 100 100 100 100 100 100 100 100 100 100 100 100 100 0
0 15
15 15
3 12
0 6
8 13
12 7
6 6
